
model:swinv2_small_window8_256
accuracy:1.0
[[5000    0    0    0    0]
 [   0 5000    0    0    0]
 [   0    0 5000    0    0]
 [   0    0    0 5000    0]
 [   0    0    0    0 5000]]

              precision    recall  f1-score   support

           0       1.00      1.00      1.00      5000
           1       1.00      1.00      1.00      5000
           2       1.00      1.00      1.00      5000
           3       1.00      1.00      1.00      5000
           4       1.00      1.00      1.00      5000

    accuracy                           1.00     25000
   macro avg       1.00      1.00      1.00     25000
weighted avg       1.00      1.00      1.00     25000


model:swin_base_patch4_window7_224
accuracy:0.99988
[[5000    0    0    0    0]
 [   0 5000    0    0    0]
 [   0    3 4997    0    0]
 [   0    0    0 5000    0]
 [   0    0    0    0 5000]]

              precision    recall  f1-score   support

           0       1.00      1.00      1.00      5000
           1       1.00      1.00      1.00      5000
           2       1.00      1.00      1.00      5000
           3       1.00      1.00      1.00      5000
           4       1.00      1.00      1.00      5000

    accuracy                           1.00     25000
   macro avg       1.00      1.00      1.00     25000
weighted avg       1.00      1.00      1.00     25000



model:Inception-Resnet V2
accuracy:0.99992
[[5000    0    0    0    0]
 [   0 5000    0    0    0]
 [   0    2 4998    0    0]
 [   0    0    0 5000    0]
 [   0    0    0    0 5000]]

              precision    recall  f1-score   support

           0       1.00      1.00      1.00      5000
           1       1.00      1.00      1.00      5000
           2       1.00      1.00      1.00      5000
           3       1.00      1.00      1.00      5000
           4       1.00      1.00      1.00      5000

    accuracy                           1.00     25000
   macro avg       1.00      1.00      1.00     25000


model:Xception
accuracy:1.0
[[5000    0    0    0    0]
 [   0 5000    0    0    0]
 [   0    0 5000    0    0]
 [   0    0    0 5000    0]
 [   0    0    0    0 5000]]

              precision    recall  f1-score   support

           0       1.00      1.00      1.00      5000
           1       1.00      1.00      1.00      5000
           2       1.00      1.00      1.00      5000
           3       1.00      1.00      1.00      5000
           4       1.00      1.00      1.00      5000

    accuracy                           1.00     25000
   macro avg       1.00      1.00      1.00     25000
weighted avg       1.00      1.00      1.00     25000

model:Inception-V3
accuracy:0.99988
[[5000    0    0    0    0]
 [   0 4999    1    0    0]
 [   0    2 4998    0    0]
 [   0    0    0 5000    0]
 [   0    0    0    0 5000]]

              precision    recall  f1-score   support

           0       1.00      1.00      1.00      5000
           1       1.00      1.00      1.00      5000
           2       1.00      1.00      1.00      5000
           3       1.00      1.00      1.00      5000
           4       1.00      1.00      1.00      5000

    accuracy                           1.00     25000
   macro avg       1.00      1.00      1.00     25000
weighted avg       1.00      1.00      1.00     25000

model:resnetv2_50x1_bitm_in21k
accuracy:0.9998
[[5000    0    0    0    0]
 [   0 4996    4    0    0]
 [   0    1 4999    0    0]
 [   0    0    0 5000    0]
 [   0    0    0    0 5000]]

              precision    recall  f1-score   support

           0       1.00      1.00      1.00      5000
           1       1.00      1.00      1.00      5000
           2       1.00      1.00      1.00      5000
           3       1.00      1.00      1.00      5000
           4       1.00      1.00      1.00      5000

    accuracy                           1.00     25000
   macro avg       1.00      1.00      1.00     25000
weighted avg       1.00      1.00      1.00     25000

model:resnetv2_101x1_bitm_in21k
accuracy:0.9999
[[5000    0    0    0    0]
 [   0 4999    1    0    0]
 [   0    2 4998    0    0]
 [   0    0    0 5000    0]
 [   0    0    0    0 5000]]

              precision    recall  f1-score   support

           0       1.00      1.00      1.00      5000
           1       1.00      1.00      1.00      5000
           2       1.00      1.00      1.00      5000
           3       1.00      1.00      1.00      5000
           4       1.00      1.00      1.00      5000

    accuracy                           1.00     25000
   macro avg       1.00      1.00      1.00     25000
weighted avg       1.00      1.00      1.00     25000


model:vit_small_patch16_224_in21k
accuracy:0.99268
[[4999    0    0    0    1]
 [   0 4948   52    0    0]
 [   2   86 4912    0    0]
 [   1    0    0 4979   20]
 [   2    0    0   19 4979]]

              precision    recall  f1-score   support

           0       1.00      1.00      1.00      5000
           1       0.98      0.99      0.99      5000
           2       0.99      0.98      0.99      5000
           3       1.00      1.00      1.00      5000
           4       1.00      1.00      1.00      5000

    accuracy                           0.99     25000
   macro avg       0.99      0.99      0.99     25000
weighted avg       0.99      0.99      0.99     25000


model:vit_small_patch16_224
accuracy:0.99448
[[4997    0    1    0    2]
 [   0 4955   45    0    0]
 [   0   65 4933    1    1]
 [   0    0    0 4988   12]
 [   0    1    0   10 4989]]

              precision    recall  f1-score   support

           0       1.00      1.00      1.00      5000
           1       0.99      0.99      0.99      5000
           2       0.99      0.99      0.99      5000
           3       1.00      1.00      1.00      5000
           4       1.00      1.00      1.00      5000

    accuracy                           0.99     25000
   macro avg       0.99      0.99      0.99     25000
weighted avg       0.99      0.99      0.99     25000


model:vit_base_patch16_224_in21k
accuracy:0.98816
[[4999    0    1    0    0]
 [   0 4833  165    0    2]
 [   4   68 4925    2    1]
 [   0    0    0 4968   32]
 [   0    0    0   21 4979]]

              precision    recall  f1-score   support

           0       1.00      1.00      1.00      5000
           1       0.99      0.97      0.98      5000
           2       0.97      0.98      0.98      5000
           3       1.00      0.99      0.99      5000
           4       0.99      1.00      0.99      5000

    accuracy                           0.99     25000
   macro avg       0.99      0.99      0.99     25000
weighted avg       0.99      0.99      0.99     25000




